State       a       b      bb     bba    abba   aabba    bbba abaabba   bbbba      ab      ba     aba     aab     abb     bab    babb    bbab abbaabb aabbabb  baabba    bbaa   abbba  aabbba  baaabb bbbbbba
Q0          0       0       0       0       0       0       0       0       0       0       0       0       0       0       0       0       0       0       0       0       0       0       0       0       0
Q1          0       0       0       0       0       1       0       0       1       0       0       0       0       0       0       0       0       0       0       0       0       1       0       0       0
Q2          0       0       0       0       1       0       1       0       0       0       0       0       0       0       0       0       0       0       0       0       0       0       0       0       0
Q3          0       0       0       0       1       0       1       1       0       0       0       0       0       0       0       0       0       0       0       0       0       0       0       0       0
Q4          0       0       0       1       0       0       0       0       0       0       0       0       0       0       0       0       0       0       0       0       0       0       0       0       0
Q5          0       0       0       1       0       0       0       0       0       0       0       0       0       0       0       0       0       0       0       0       0       0       0       0       1
Q6          0       0       0       1       0       0       0       0       0       0       0       0       0       0       0       0       0       0       0       0       0       0       1       0       0
Q7          0       0       0       1       0       0       0       0       0       0       0       0       0       0       0       0       0       0       0       1       0       0       0       0       0
Q8          0       0       0       0       0       0       0       0       0       0       1       0       0       1       0       0       0       1       0       0       0       0       0       1       0
Q9          0       0       0       0       0       1       0       0       1       0       1       0       0       1       0       0       0       1       0       0       0       1       0       1       0
Q10         0       0       0       0       0       0       0       0       0       0       1       0       0       0       0       0       0       0       0       1       0       0       0       1       0
Q11         0       0       0       0       0       0       0       0       0       0       1       0       0       0       0       0       0       0       0       0       0       0       0       1       0
Q12         0       0       0       0       0       1       0       0       1       0       1       0       0       0       0       0       0       0       0       0       0       1       0       1       0
Q13         0       0       0       1       0       0       0       0       0       0       1       0       0       1       0       0       0       1       0       0       0       0       0       1       1
Q14         0       0       0       1       0       0       0       0       0       0       1       0       0       1       0       0       0       1       0       1       0       0       0       1       0
Q15         0       0       1       0       0       0       0       0       0       0       0       0       0       0       0       0       0       0       0       0       0       0       0       0       0
Q16         0       0       1       0       1       0       1       0       0       0       0       0       0       0       0       0       0       0       0       0       0       0       0       0       0
Q17         0       0       0       0       0       0       0       0       0       1       0       0       0       0       0       0       0       0       0       0       0       0       0       0       0
Q18         0       0       0       1       0       0       0       0       0       1       0       0       0       0       0       0       0       0       0       0       0       0       1       0       0
Q19         0       0       0       1       0       0       0       0       0       1       0       0       0       0       0       0       0       0       0       0       0       0       0       0       0
Q20         0       0       1       0       0       0       0       0       0       0       1       0       0       1       0       0       0       1       0       0       0       0       0       1       0
Q21         0       0       0       0       0       0       0       0       0       1       1       0       0       0       0       0       0       0       0       0       0       0       0       1       0
Q22         0       0       0       0       0       1       0       0       1       1       1       0       0       0       0       0       0       0       0       0       0       1       0       1       0
Q23         0       1       0       0       0       0       0       0       0       0       0       0       0       0       0       0       1       0       0       0       0       0       0       0       0
Q24         0       1       0       0       0       1       0       0       1       0       0       0       0       0       0       0       1       0       0       0       0       1       0       0       0
Q25         0       1       0       0       1       0       1       0       0       0       0       0       0       0       0       0       1       0       0       0       0       0       0       0       0
Q26         0       1       0       1       0       0       0       0       0       0       0       0       0       0       0       0       1       0       0       0       0       0       1       0       0
Q27         0       1       0       0       0       0       0       0       0       0       1       0       0       1       0       0       1       1       0       0       0       0       0       1       0
Q28         1       0       0       0       0       0       0       0       0       0       1       0       0       0       0       0       0       0       0       1       0       0       0       1       0
Q29         1       0       0       0       0       1       0       0       1       0       1       0       0       0       0       0       0       0       0       0       0       1       0       1       0
Q30         1       0       0       0       0       0       0       0       0       0       0       0       0       0       0       0       0       0       0       0       0       0       0       0       0
Q31         1       0       0       0       0       1       0       0       1       0       0       0       0       0       0       0       0       0       0       0       0       1       0       0       0
Q32         1       0       0       0       1       0       1       1       0       0       0       0       0       0       0       0       0       0       0       0       0       0       0       0       0
Q33         1       0       0       0       0       0       0       0       0       1       0       0       0       0       0       0       0       0       0       0       0       0       0       0       0
Q34         1       1       0       0       0       0       0       0       0       0       0       0       0       0       0       0       1       0       0       0       0       0       0       0       0
Q35         0       0       0       0       0       0       0       0       0       0       0       1       0       0       1       0       0       0       0       0       0       0       0       0       0
Q36         0       0       0       0       1       0       1       0       0       0       0       1       0       0       1       0       0       0       0       0       0       0       0       0       0
Q37         0       0       0       0       1       0       1       1       0       0       0       1       0       0       1       0       0       0       0       0       0       0       0       0       0
Q38         0       0       0       1       0       0       0       0       0       0       0       1       0       0       1       0       0       0       0       0       0       0       1       0       0
Q39         0       0       0       1       0       0       0       0       0       0       0       1       0       0       1       0       0       0       0       1       0       0       0       0       0
Q40         0       0       0       0       0       0       0       0       0       0       1       1       0       1       1       0       0       1       0       0       0       0       0       1       0
Q41         0       0       0       0       0       0       0       0       0       0       1       1       0       0       1       0       0       0       0       0       0       0       0       1       0
Q42         0       0       0       0       0       0       0       0       0       1       0       1       0       0       1       0       0       0       0       0       0       0       0       0       0
Q43         1       0       0       0       0       0       0       0       0       0       0       1       0       0       1       0       0       0       0       0       0       0       0       0       0
Q44         0       1       0       0       0       0       0       0       0       0       0       1       0       0       1       0       1       0       0       0       0       0       0       0       0
